[Actor] {
handle: 219475113989041794;
[Model] {
meshCount: 10;
mesh0: 2556615970164170081;
mesh1: 5548992122967985665;
mesh2: 2324174597249677488;
mesh3: 6084354130059555718;
mesh4: 8816597521690730514;
mesh5: 17913653587079185732;
mesh6: 10572144620889800087;
mesh7: 14129341853316276066;
mesh8: 3821888510387316476;
mesh9: 15285329071068467213;
materialCount: 10;
material0: 10970695593427879896;
material1: 5658629712617297171;
material2: 17593113763256355638;
material3: 10970695593427879896;
material4: 10970695593427879896;
material5: 10970695593427879896;
material6: 10970695593427879896;
material7: 9907605921967817134;
material8: 17593113763256355638;
material9: 17593113763256355638;
}
[Transform] {
transform: mat4x4((0.099769, 0.000000, 0.000000, 0.000000), (0.000000, -0.000000, -0.100000, 0.000000), (0.000000, 0.100000, -0.000000, 0.000000), (0.000000, 0.000000, 0.000000, 1.000000));
}
}
